Marca17/09/2017datos={28,19,35,17,26,24,2,31,29,3,21,0,12,30,27,28,17,34,25,17,13,19,29,9,28,16,3,27,11,18,31,16,19,9,28,21,10,0,26,10,8,22,16,20,0,35,26,6,8,7,18,6,8,28,33,33,14,11,15,9,1,0,12,16,34,13,24,8,3,3,33,11,2,31,9,20,26,9,6,8,33,35,16,32,19,
            4,9,32,9,14,19,31,30,25,20,21,2,3,28,22,22,18,28,29,12,5,26,11,11,32,36,1,5,27,16,23,15,0,21,8,27,31,0,1,7,34,20,14,5,24,14,20};
Casno16/09/2017 datos={35,27,0,0,18,29,27,7,23,20,3,11,2,12,36,29,23,15,34,0,19,30,1}


Marca18/09/2017 datos={19,25,10,5,1,32,21,2,14,20,20,12,12,35,26,10,
            28,34,21,24,13,5,18,6,33,26,9,34,9,1,3,5,20,19,1,0,32,32,33,30,6,18,8,5,23,18,7,25,36
        ,14,16,6,18,9,6,12,15,32,1,9,30,23,1,2,17,9,14,22,12,10,30,22,2,
        4,6,6,35,5,32,6,4,36,10,5,34,13,16,1,8};

datos={19,25,10,5,1,32,21,2,14,20,20,12,12,35,26,10,
            28,34,21,24,13,5,18,6,33,26,9,34,9,1,3,5,20,19,1,0,32,32,33,30,6,18,8,5,23,18,7,25,36
        ,14,16,6,18,9,6,12,15,32,1,9,30,23,1,2,17,9,14,22,12,10,30,22,2,
        4,6,6,35,5,32,6,4,36,10,5,34,13,16,1,8,19,35,25,29,27,0,27,16,24,32,29,25,
        19,25,24,17,21,6,6,14,33,30,7,32,20,4,14,9,32,28,36,0,26,36,15,26,27,17,35,5,17,19,23,29,23
        ,35,1,4,23,3,28,10,36,23,18,7,35,5,23,9,19,5,5,20,9,32,5};


Cosas hacer
   - que se vea el conteo del cambio, buscar el actual .

-Cuantas veces no sale 1,2,3; tiquitaca Doscolumnas.


-Contar seccion de tiquitaca
-Cuantas son tikita de 1,2..3.444
-Contar el tikitaca mayor.